/BEGIN
"Basic" 
11111111111111111111
10000000000000000001
10B00000000000000001
10000000000000000001
10000000000000000001
10000000000000000001
10000000000000000001
10000000000000000001
10000000000000000001
10000000000000000001
10000000000000000001
10000000000000000001
10000000000000000H01
10000000000000000001
11111111111111111111
/END
/BEGIN
"One Block" 
11111111111111111111
10000000000000000001
10000000000001000001
10B0000000000100H001
10000000000001000001
10000000000000000001
10000000000000000001
10000000000000000001
10000000000000000001
10000000000000000001
10000000000000000001
10000000000000000001
10000000000000000001
10000000000000000001
11111111111111111111
/END
/BEGIN
"Corner Block" 
11111111111111111111
10B00000000000000001
11111111111111000001
1000000000000100H001
10000000000001000001
10000000000000000001
10000000000000000001
10000000000000000001
10000000000000000001
10000000000000000001
10000000000000000001
10000000000000000001
10000000000000000001
10000000000000000001
11111111111111111111
/END
/BEGIN
"Around the world" 
11111111111111111111
10B00000000000000001
11111111111111111101
1H100000000000000101
10100000000000000101
10100000000000000101
10100000000000000101
10100000000000000101
10100000000000000101
10100000000000000101
10100000000000000101
10100000000000000101
10111111111111111101
10000000000000000001
11111111111111111111
/END
/BEGIN
"Snake" 
11111111111111111111
10B00000000000000001
11111111111111111101
10000000000000000101
10000000000000000101
10000000000000000101
10000000000000000101
11111111111111111101
10000000000000000001
10111111111111111111
10100000000000000001
10100000000000000001
10111111111111111111
100000000000000000H1
11111111111111111111
/END
/BEGIN
"Chaos" 
11111111111111111111
10B01000100000000001
10100000001000000001
10001000100000100001
10000000001000000001
10000100000000010001
10010000100000000001
10000000000100010001
10001000100000000001
10000000010001000001
10100100000000001001
10100000000101000H01
10001000010010010001
10000010000100000001
11111111111111111111
/END
